sys/main.dol:
  2151665576: [148, 33, 255, 240, 124, 8, 2, 166, 144, 1, 0, 20, 75, 198, 8, 173,
    75, 204, 107, 29, 75, 204, 107, 217, 75, 204, 117, 205, 75, 204, 99, 29, 75, 204,
    116, 165, 75, 204, 116, 209, 60, 96, 128, 60, 56, 99, 82, 44, 56, 128, 53, 16,
    75, 197, 251, 41, 56, 128, 42, 128, 75, 197, 251, 33, 56, 128, 5, 32, 75, 197,
    251, 25, 56, 128, 46, 1, 75, 197, 251, 17, 56, 128, 15, 128, 75, 197, 251, 9,
    56, 128, 9, 8, 75, 197, 251, 1, 56, 128, 42, 8, 75, 197, 250, 249, 56, 128, 9,
    2, 75, 197, 250, 241, 56, 128, 31, 64, 75, 197, 250, 233, 56, 128, 10, 128, 75,
    197, 250, 225, 56, 128, 9, 1, 75, 197, 250, 217, 56, 128, 10, 32, 75, 197, 250,
    209, 56, 128, 24, 1, 75, 197, 250, 201, 56, 128, 10, 8, 75, 197, 250, 193, 56,
    128, 31, 2, 75, 197, 250, 185, 56, 128, 47, 32, 75, 197, 250, 177, 56, 128, 56,
    64, 75, 197, 250, 169, 56, 128, 45, 4, 75, 197, 250, 161, 56, 128, 56, 2, 75,
    197, 250, 153, 56, 128, 45, 1, 75, 197, 250, 145, 56, 128, 45, 2, 75, 197, 250,
    137, 56, 128, 50, 1, 75, 197, 250, 129, 56, 128, 51, 128, 75, 197, 250, 121, 56,
    128, 16, 1, 75, 197, 250, 113, 56, 128, 46, 4, 75, 197, 250, 105, 56, 128, 41,
    32, 75, 197, 250, 97, 56, 128, 22, 32, 75, 197, 250, 89, 56, 128, 41, 16, 75,
    197, 250, 81, 56, 128, 22, 16, 75, 197, 250, 73, 56, 128, 58, 32, 75, 197, 250,
    65, 56, 128, 45, 8, 75, 197, 250, 57, 56, 128, 57, 128, 75, 197, 250, 49, 56,
    128, 59, 2, 75, 197, 250, 41, 56, 128, 64, 2, 75, 197, 250, 33, 60, 96, 128, 60,
    56, 99, 93, 96, 56, 128, 3, 16, 75, 197, 250, 17, 60, 96, 128, 60, 56, 99, 81,
    20, 60, 128, 64, 8, 56, 132, 3, 139, 144, 131, 0, 4, 60, 128, 192, 0, 144, 131,
    0, 8, 60, 96, 128, 60, 56, 99, 79, 136, 60, 128, 2, 0, 144, 131, 0, 4, 60, 128,
    128, 0, 144, 131, 0, 8, 60, 128, 1, 0, 144, 131, 0, 12, 60, 96, 128, 60, 56, 99,
    79, 244, 56, 128, 0, 32, 144, 131, 0, 4, 56, 128, 0, 2, 144, 131, 0, 8, 60, 96,
    128, 60, 56, 99, 80, 96, 56, 128, 4, 0, 144, 131, 0, 8, 60, 96, 128, 60, 56, 99,
    80, 204, 60, 128, 0, 4, 56, 132, 0, 64, 144, 131, 0, 4, 60, 96, 128, 60, 56, 99,
    80, 168, 60, 128, 192, 0, 144, 131, 0, 4, 60, 96, 128, 60, 56, 99, 76, 113, 56,
    128, 0, 30, 152, 131, 0, 0, 152, 131, 0, 1, 152, 131, 0, 6, 152, 131, 0, 7, 60,
    96, 128, 60, 56, 99, 76, 27, 56, 128, 0, 16, 152, 131, 0, 0, 152, 131, 0, 1, 128,
    1, 0, 20, 124, 8, 3, 166, 56, 33, 0, 16, 78, 128, 0, 32, 148, 33, 255, 240, 124,
    8, 2, 166, 144, 1, 0, 20, 60, 96, 128, 60, 56, 99, 76, 188, 136, 131, 0, 0, 44,
    4, 0, 0, 65, 130, 0, 32, 44, 4, 0, 1, 65, 130, 0, 32, 44, 4, 0, 3, 65, 130, 0,
    32, 44, 4, 0, 7, 65, 130, 0, 32, 72, 0, 0, 32, 75, 204, 104, 217, 72, 0, 0, 24,
    75, 204, 105, 17, 72, 0, 0, 16, 75, 204, 105, 73, 72, 0, 0, 8, 75, 204, 106, 65,
    128, 1, 0, 20, 124, 8, 3, 166, 56, 33, 0, 16, 78, 128, 0, 32, 148, 33, 255, 240,
    124, 8, 2, 166, 144, 1, 0, 20, 60, 96, 128, 60, 56, 99, 76, 101, 136, 131, 0,
    0, 44, 4, 0, 0, 65, 130, 0, 24, 44, 4, 0, 1, 65, 130, 0, 24, 44, 4, 0, 3, 65,
    130, 0, 24, 72, 0, 0, 24, 75, 204, 97, 217, 72, 0, 0, 16, 75, 204, 101, 25, 72,
    0, 0, 8, 75, 204, 102, 189, 128, 1, 0, 20, 124, 8, 3, 166, 56, 33, 0, 16, 78,
    128, 0, 32, 60, 96, 128, 60, 56, 99, 76, 26, 136, 131, 0, 0, 44, 4, 0, 0, 65,
    130, 0, 16, 44, 4, 0, 1, 65, 130, 0, 20, 72, 0, 0, 24, 56, 128, 0, 1, 152, 131,
    0, 0, 72, 0, 0, 12, 56, 128, 0, 2, 152, 131, 0, 0, 78, 128, 0, 32, 60, 96, 128,
    60, 56, 99, 76, 114, 136, 131, 0, 6, 44, 4, 0, 30, 65, 130, 0, 16, 44, 4, 0, 60,
    65, 130, 0, 24, 72, 0, 0, 32, 56, 128, 0, 60, 152, 131, 0, 0, 152, 131, 0, 6,
    72, 0, 0, 16, 56, 128, 0, 99, 152, 131, 0, 0, 152, 131, 0, 6, 78, 128, 0, 32,
    60, 96, 128, 60, 56, 99, 76, 113, 136, 131, 0, 6, 44, 4, 0, 30, 65, 130, 0, 16,
    44, 4, 0, 60, 65, 130, 0, 24, 72, 0, 0, 32, 56, 128, 0, 60, 152, 131, 0, 0, 152,
    131, 0, 6, 72, 0, 0, 16, 56, 128, 0, 99, 152, 131, 0, 0, 152, 131, 0, 6, 78, 128,
    0, 32, 148, 33, 255, 240, 124, 8, 2, 166, 144, 1, 0, 20, 60, 96, 128, 60, 56,
    99, 76, 97, 136, 131, 0, 0, 44, 4, 0, 0, 65, 130, 0, 16, 44, 4, 0, 1, 65, 130,
    0, 16, 72, 0, 0, 16, 75, 204, 95, 193, 72, 0, 0, 8, 75, 204, 96, 133, 128, 1,
    0, 20, 124, 8, 3, 166, 56, 33, 0, 16, 78, 128, 0, 32, 148, 33, 255, 240, 124,
    8, 2, 166, 144, 1, 0, 20, 60, 96, 128, 60, 56, 99, 82, 44, 56, 128, 105, 1, 75,
    197, 247, 109, 128, 1, 0, 20, 124, 8, 3, 166, 56, 33, 0, 16, 78, 128, 0, 32, 148,
    33, 255, 240, 124, 8, 2, 166, 144, 1, 0, 20, 75, 198, 43, 89, 60, 96, 128, 60,
    56, 99, 82, 44, 56, 128, 105, 2, 75, 197, 247, 61, 128, 1, 0, 20, 124, 8, 3, 166,
    56, 33, 0, 16, 78, 128, 0, 32, 148, 33, 255, 240, 124, 8, 2, 166, 144, 1, 0, 20,
    60, 96, 128, 60, 56, 99, 82, 44, 56, 128, 105, 2, 75, 197, 247, 65, 128, 1, 0,
    20, 124, 8, 3, 166, 56, 33, 0, 16, 78, 128, 0, 32, 148, 33, 255, 240, 124, 8,
    2, 166, 144, 1, 0, 20, 124, 169, 43, 120, 125, 5, 67, 120, 124, 200, 51, 120,
    125, 38, 75, 120, 124, 234, 59, 120, 56, 224, 0, 3, 57, 32, 0, 5, 75, 194, 150,
    173, 124, 163, 43, 120, 128, 1, 0, 20, 124, 8, 3, 166, 56, 33, 0, 16, 78, 128,
    0, 32, 148, 33, 255, 240, 124, 8, 2, 166, 144, 1, 0, 20, 60, 96, 128, 60, 56,
    99, 76, 8, 136, 3, 0, 14, 40, 0, 0, 62, 64, 130, 0, 20, 56, 99, 0, 180, 75, 197,
    221, 197, 44, 3, 0, 8, 64, 128, 0, 12, 56, 96, 0, 0, 72, 0, 0, 8, 56, 96, 0, 1,
    128, 1, 0, 20, 124, 8, 3, 166, 56, 33, 0, 16, 78, 128, 0, 32, 148, 33, 255, 240,
    124, 8, 2, 166, 144, 1, 0, 20, 75, 234, 193, 189, 60, 96, 128, 61, 56, 99, 167,
    92, 128, 99, 0, 0, 168, 99, 2, 6, 124, 99, 0, 208, 56, 131, 64, 0, 56, 132, 16,
    0, 84, 132, 0, 36, 56, 96, 0, 0, 75, 200, 211, 9, 128, 1, 0, 20, 124, 8, 3, 166,
    56, 33, 0, 16, 78, 128, 0, 32, 148, 33, 255, 240, 124, 8, 2, 166, 144, 1, 0, 20,
    56, 96, 0, 8, 56, 128, 0, 0, 75, 197, 100, 41, 128, 1, 0, 20, 124, 8, 3, 166,
    56, 33, 0, 16, 78, 128, 0, 32, 148, 33, 255, 240, 124, 8, 2, 166, 144, 1, 0, 20,
    147, 225, 0, 12, 124, 159, 35, 120, 84, 132, 6, 62, 75, 194, 139, 253, 87, 228,
    132, 63, 65, 130, 0, 24, 124, 127, 27, 120, 60, 96, 128, 60, 56, 99, 82, 44, 75,
    197, 245, 209, 127, 227, 251, 120, 131, 225, 0, 12, 128, 1, 0, 20, 124, 8, 3,
    166, 56, 33, 0, 16, 78, 128, 0, 32, 148, 33, 255, 240, 124, 8, 2, 166, 144, 1,
    0, 20, 75, 197, 190, 173, 60, 96, 128, 60, 56, 99, 82, 44, 56, 128, 105, 32, 75,
    197, 245, 153, 128, 1, 0, 20, 124, 8, 3, 166, 56, 33, 0, 16, 78, 128, 0, 32, 148,
    33, 255, 240, 124, 8, 2, 166, 144, 1, 0, 20, 147, 225, 0, 12, 124, 159, 35, 120,
    75, 194, 139, 133, 60, 128, 128, 64, 56, 132, 213, 216, 136, 132, 0, 0, 124, 31,
    32, 0, 64, 130, 0, 28, 124, 127, 27, 120, 60, 96, 128, 60, 56, 99, 82, 44, 56,
    128, 105, 64, 75, 197, 245, 73, 127, 227, 251, 120, 131, 225, 0, 12, 128, 1, 0,
    20, 124, 8, 3, 166, 56, 33, 0, 16, 78, 128, 0, 32, 42, 0, 0, 0, 148, 33, 255,
    240, 124, 8, 2, 166, 144, 1, 0, 20, 147, 225, 0, 12, 75, 194, 139, 45, 124, 127,
    27, 120, 60, 96, 128, 60, 56, 99, 82, 44, 56, 128, 105, 128, 75, 197, 245, 5,
    127, 227, 251, 120, 131, 225, 0, 12, 128, 1, 0, 20, 124, 8, 3, 166, 56, 33, 0,
    16, 78, 128, 0, 32, 148, 33, 255, 240, 124, 8, 2, 166, 144, 1, 0, 20, 147, 225,
    0, 12, 75, 194, 138, 237, 124, 127, 27, 120, 60, 96, 128, 60, 56, 99, 82, 44,
    56, 128, 106, 1, 75, 197, 244, 197, 127, 227, 251, 120, 131, 225, 0, 12, 128,
    1, 0, 20, 124, 8, 3, 166, 56, 33, 0, 16, 78, 128, 0, 32, 148, 33, 255, 240, 124,
    8, 2, 166, 144, 1, 0, 20, 147, 225, 0, 12, 75, 194, 136, 57, 124, 127, 27, 120,
    60, 96, 128, 60, 56, 99, 82, 44, 56, 128, 106, 2, 75, 197, 244, 133, 127, 227,
    251, 120, 131, 225, 0, 12, 128, 1, 0, 20, 124, 8, 3, 166, 56, 33, 0, 16, 78, 128,
    0, 32]
