sys/main.dol:
  2147866136: [72, 57, 249, 145]
  2149788792: [96, 0, 0, 0]
  2149788808: [96, 0, 0, 0]
  2147642000: [96, 0, 0, 0]
  2147642032: [96, 0, 0, 0]
  2147646148: [80, 228, 128, 30]
  2148432412: [136, 135, 0, 176]
  2148289812: [56, 0, 0, 32, 176, 4, 91, 120]
  2149695360: [56, 96, 0, 1]
  2148895740: [60, 96, 128, 60, 56, 99, 76, 188, 56, 128, 0, 3, 56, 160, 0, 7, 75,
    240, 34, 5]
  2151189360: [128, 63, 211, 20]
  2147838988: [72, 58, 103, 157]
files/rels/d_a_ship.rel:
  10732: [72, 0, 0, 100]
  10760: [72, 0, 0, 72]
  10788: [72, 0, 0, 16]
  45784: [72, 0, 0, 24]
files/rels/d_a_bigelf.rel:
  8572: [44, 0, 0, 1, 65, 128, 0, 56, 65, 130, 0, 64, 44, 0, 0, 3, 65, 128, 0, 88,
    65, 130, 0, 96, 44, 0, 0, 5, 65, 128, 0, 120, 65, 130, 0, 128, 72, 0, 0, 136]
  1984: [96, 0, 0, 0]
  1996: [96, 0, 0, 0]
files/rels/d_a_npc_so.rel:
  16344: [72, 0, 0, 12]
files/rels/d_a_npc_hr.rel:
  4452: [72, 0, 0, 8]
files/rels/d_a_boss_item.rel:
  452: [136, 158, 0, 178]
files/rels/d_a_warpf.rel:
  3132: [56, 96, 0, 1, 78, 128, 0, 32]
files/rels/d_a_salvage.rel:
  4288: [56, 115, 0, 97, 72, 0, 0, 8]
files/rels/d_a_npc_md.rel:
  2596: [72, 0, 0, 60]
files/rels/d_a_obj_doguu.rel:
  9852: [72, 0, 0, 36]
files/rels/d_a_npc_bs1.rel:
  30772: [128, 63, 211, 68]
  31700: [128, 63, 211, 120]
files/rels/d_a_obj_ftree.rel:
  2636: [96, 0, 0, 0]
  24808: [128, 63, 211, 168]
  24976: [128, 63, 211, 168]
  620: [128, 31, 0, 60]
  1064: [128, 3, 0, 60]
files/rels/d_a_npc_bj1.rel:
  1924: [56, 0, 0, 31, 59, 224, 0, 0]
  2096: [56, 0, 0, 31, 59, 192, 0, 0]
  2436: [56, 0, 0, 31, 59, 224, 0, 0]
  2608: [56, 0, 0, 0]
  8704: [96, 0, 0, 0]
files/rels/d_a_warpdm20.rel:
  9520: [128, 63, 211, 232]
  9808: [128, 63, 211, 232]
  1676: [72, 0, 0, 8]
